Block=  0,Chunk=  0,Rows=  512,Cols=  1024, SucRow=  378,SucCol=  154, SNR = 8.8672, CohDisp = 0.0000, windWidth=  10, Length of pulse= 2.4999999368e-06
Block=  1,Chunk=  0,Rows=  512,Cols=  1024, SucRow=  334,SucCol=  109, SNR = 7.9708, CohDisp = 0.0000, windWidth=  10, Length of pulse= 2.4999999368e-06
